83
112.5695
-6.475204
-21.4523
물고기
94.95206
0.01668162
4
63.37786
10
2.177669
12
197.2927
-49.26205
-31.53555
물고기
94.96696
0.03335444
8
71.2466
10
1.638784
0
13.81749
-68.60441
19.94627
물고기
94.98022
0.03205373
15
47.67397
10
3.642066
10
101.1038
-19.74393
-26.95304
물고기
94.99512
0.01472858
4
48.11469
10
2.129303
13
-87.69342
41.02347
72.10153
물고기
95.01663
0.0588836
16
45.17186
10
5.128081
4
128.7024
-72.15163
47.61346
물고기
95.03317
0.03138844
10
47.59764
10
2.347171
18
74.00167
-8.111039
78.73163
물고기
95.04974
0.01535225
10
35.26399
10
2.151833
1
438.6334
-95.77336
72.01742
이름
96.50311
0.2
1
50
10
5
0
421.5086
-23.02704
90.57616
이름
96.86432
0.160969
4
70.38171
10
4.375606
3
623.6613
92.58459
-29.25446
이름
97.00835
0.160969
4
70.38171
10
4.375606
3
512.7217
-93.4587
15.00646
이름
97.03317
0.160969
4
70.38171
10
4.375606
3
-631.7243
-203.8018
74.83994
이름
97.05636
0.160969
4
70.38171
10
4.375606
3
140.6251
79.60556
4.538825
이름
97.07954
0.160969
4
70.38171
10
4.375606
3
376.4134
74.40871
-15.46775
이름
97.10271
0.160969
4
70.38171
10
4.375606
3
499.6752
-107.1988
71.32507
이름
97.12755
0.160969
4
70.38171
10
4.375606
3
393.5396
30.10664
32.77207
이름
97.15073
0.160969
4
70.38171
10
4.375606
3
599.5255
-75.19387
11.22337
이름
97.1739
0.160969
4
70.38171
10
4.375606
3
-580.2922
-4.606281
47.02774
이름
97.19874
0.160969
4
70.38171
10
4.375606
3
-683.9896
184.0926
11.91982
이름
97.22357
0.160969
4
70.38171
10
4.375606
3
-551.0046
60.86061
69.03236
이름
97.25668
0.160969
4
70.38171
10
4.375606
3
475.9395
114.5936
84.469
이름
97.30303
0.160969
4
70.38171
10
4.375606
3
447.7812
-95.1865
3.636055
이름
97.3345
0.160969
4
70.38171
10
4.375606
3
115.4642
-62.34105
67.46062
물고기
98.69926
0.04651799
9
72.0324
10
4.602183
19
58.12328
43.15265
58.48218
물고기
98.7241
0.04095378
16
26.84122
10
1.950927
0
-38.82719
20.12105
82.73324
물고기
98.74728
0.05046985
2
31.48903
10
4.922108
19
5.974452
-18.83571
33.63109
물고기
98.76383
0.02254307
8
79.3716
10
3.790207
13
5.164163
-2.074878
45.71405
물고기
98.78039
0.02294028
6
51.83487
10
4.974344
8
24.0226
-16.23117
-0.8966334
물고기
98.79694
0.01174134
7
73.83671
10
2.448176
13
84.24458
-4.301139
69.71254
물고기
98.81516
0.04170348
13
14.36335
10
2.715188
4
17.48167
-15.12282
45.09508
물고기
98.84331
0.03806851
8
78.22738
10
4.755214
22
34.97746
-54.15195
79.02856
물고기
98.86152
0.0528379
1
41.8543
10
5.016544
22
57.82962
37.56773
18.46573
물고기
98.88139
0.01288767
9
56.01721
10
3.923344
17
87.90569
62.04803
72.20854
물고기
98.90125
0.05117964
7
61.13789
10
4.403687
7
102.9328
23.90264
82.52351
물고기
98.91781
0.0577548
13
60.0948
10
3.585112
14
39.36533
64.70369
-32.93222
물고기
98.93933
0.05757096
6
56.47974
10
4.756523
8
23.97059
12.78536
58.73989
물고기
98.9592
0.04519431
7
76.96303
10
3.63482
7
52.53379
24.65289
66.14255
물고기
98.98072
0.05413316
9
66.52383
10
2.914466
11
87.2691
-31.90982
62.5759
물고기
99.00224
0.04213842
8
24.36418
10
1.782425
10
-12.23023
-19.06885
20.91738
물고기
99.02211
0.01212337
3
61.13365
10
2.095587
16
83.57344
-20.83832
63.77284
물고기
99.04363
0.04565804
17
69.26218
10
2.962735
1
-20.15935
-13.10291
33.25617
물고기
99.06516
0.02134079
3
29.26251
10
1.446457
13
30.7282
-46.07295
11.66509
물고기
99.08668
0.01655057
15
3.991557
10
4.055792
19
1.410632
16.09598
35.6855
물고기
99.10654
0.02444218
16
53.64471
10
5.489511
6
69.08867
28.15169
61.5673
물고기
99.14131
0.04780492
6
46.66331
10
3.80783
10
-24.54446
-20.23015
71.65189
물고기
99.16283
0.04972203
3
2.222786
10
3.942975
11
31.90179
43.7626
11.81132
물고기
99.18601
0.01396933
12
74.01519
10
4.675291
7
-19.05951
50.77041
43.74602
물고기
99.20768
0.04566869
6
57.96332
10
5.084994
17
-22.03081
-42.04034
54.51015
물고기
99.22755
0.04508841
13
76.348
10
3.204541
16
22.62651
-7.455299
28.14895
물고기
99.24907
0.02332406
16
40.39575
10
3.715027
1
61.40012
-28.81768
55.6846
물고기
99.27059
0.04911767
11
30.65141
10
2.487332
20
70.85803
-44.11738
50.15194
물고기
99.29211
0.05621902
1
20.50085
10
2.091851
9
22.48729
-53.79271
38.91777
물고기
99.31364
0.04593595
10
69.83839
10
2.575139
20
-32.50335
29.64006
53.80399
물고기
99.33516
0.05956955
15
47.62019
10
2.194331
19
0.7843033
-31.2136
38.72813
물고기
99.35503
0.03352678
14
78.08743
10
4.880046
14
-44.63076
-1.549008
55.4428
물고기
99.37655
0.05581818
2
21.62601
10
4.15393
6
20.77542
-6.293359
44.9918
물고기
99.39973
0.05481053
10
70.9481
10
5.210505
3
57.21577
-34.4374
9.457351
물고기
99.4229
0.02582849
17
59.36369
10
1.00899
16
-46.2921
-16.88214
24.08666
물고기
99.44608
0.02393932
16
68.12936
10
0.8999603
0
-4.866044
-17.10551
12.92308
물고기
99.46429
0.03065219
6
6.925173
10
3.061586
19
-41.80469
34.54073
5.826316
물고기
99.48582
0.02125898
7
10.88935
10
3.194121
20
9.116636
44.30747
11.31698
물고기
99.50734
0.03710708
15
48.61572
10
0.8770924
19
-24.60937
20.77675
16.51455
물고기
99.53052
0.0335325
15
14.01327
10
1.968306
8
-5.968212
-35.08481
-4.16649
물고기
99.55204
0.01657034
8
43.18419
10
2.429387
10
25.93332
46.50623
38.7227
물고기
99.57356
0.05376413
13
18.61112
10
3.460641
10
-35.93827
10.07191
19.92721
물고기
99.59509
0.02739484
11
39.8877
10
5.254796
18
52.42188
-50.70889
26.61769
물고기
99.61826
0.04959691
15
7.889663
10
1.694098
9
-6.506841
10.51144
1.114945
물고기
99.64144
0.0104699
7
0.3925133
10
2.364506
13
-47.79654
31.99577
-1.428555
물고기
99.66131
0.0285397
4
38.70482
10
2.67704
18
-28.31236
13.56576
8.984696
물고기
99.68449
0.03555883
13
56.29599
10
1.36754
20
-30.74625
-44.06936
13.11774
물고기
99.70601
0.02811018
10
58.13595
10
2.312546
22
-12.69779
41.46347
-4.505548
물고기
99.72753
0.01845525
5
3.664837
10
1.183679
16
-31.0885
40.91755
3.298851
물고기
99.75071
0.02478248
9
21.37473
10
3.22677
5
-19.03078
40.84777
-4.405125
물고기
99.77058
0.0145352
17
18.25759
10
1.736512
6
9.142696
39.1721
-13.31149
물고기
99.7921
0.01621232
9
43.82015
10
4.366961
4
3.776561
21.59517
-3.511509
물고기
99.81367
0.04904894
13
23.8487
10
1.862863
6
-38.5536
41.11434
12.76133
물고기
99.83519
0.04706126
5
48.27532
10
5.006093
23
-1.239028
-30.91111
-17.98491
물고기
99.87327
0.02317477
7
42.89502
10
2.21747
10
23.19489
-39.87426
-8.368281
물고기
99.89159
0.01187196
14
48.20085
10
3.516375
14
32.55505
-37.37723
-10.01562
물고기
99.91643
0.01296986
9
64.49092
10
3.410218
8
27.47845
37.93033
-14.91194
물고기
99.94131
0.03040632
11
53.81285
10
4.196158
23
48.65901
11.94383
-0.7214168
물고기
99.95959
0.04218725
15
71.41269
10
3.568806
10
7.909784
16.51883
-17.13067
물고기
99.97781
0.01077997
14
0.3432274
10
3.448863
5
41.32943
-30.03776
-3.814814
물고기
100
0.05673794
1
14.06032
10
3.34797
7
