25
264.1005
32.64351
-11.92542
Maiddd
40.76974
0.01682401
4
12.18493
10
5.285461
26
224.3831
-29.13873
-6.52451
띄어쓰기
49.27834
0.08372249
9
20.38025
10
3.73564
4
-356.7657
-75.09913
40.94278
이름띄움
51.30497
0.04357282
15
14.19693
10
9.168057
6
-181.1119
-286.8403
50.83704
이름띄움
97.83475
0.199996
16
66.43933
10
2.764846
14
-200.2262
-303.6717
56.96616
이름띄움
99.59473
0.199996
16
66.43933
10
2.764846
1
-610.5297
-122.0452
-6.408006
이름
88.46137
0.2
1
50
10
5
0
-513.7178
113.6804
0.2092168
이름
88.6468
0.2
2
50
10
5
0
-31.70998
89.78178
5.539405
이름
88.83884
0.2
3
50
10
5
0
83.83722
-108.77
-27.1874
이름
88.98454
0.2
4
50
10
5
0
-487.8753
158.2338
30.20992
이름
89.13519
0.2
5
50
10
5
0
275.7907
-63.36468
65.44236
이름
89.28641
0.2
6
50
10
5
0
-550.033
177.1165
61.57524
이름
89.43872
0.2
7
50
10
5
0
-563.258
-255.5234
-14.48811
이름
89.57948
0.2
8
50
10
5
0
11.00854
82.47348
-0.2462085
이름
89.73843
0.2
9
50
10
5
0
-535.8341
158.7723
-26.65711
이름
89.89736
0.2
10
50
10
5
0
-287.2993
-180.3276
44.95074
이름
90.05299
0.2
11
50
10
5
0
-278.8889
355.8522
2.607869
이름
90.22021
0.2
12
50
10
5
0
-162.806
-199.6919
30.6515
이름
90.36755
0.2
13
50
10
5
0
-466.8414
-210.8021
-27.24263
이름
90.53851
0.2
14
50
10
5
0
-600.9968
-204.2416
56.72252
이름
97.10091
0.2
16
50
10
5
0
487.0099
-58.98788
15.96995
이름
97.28466
0.2
17
50
10
5
0
638.8514
58.55766
32.71889
이름
97.4585
0.2
18
50
10
5
0
-38.68852
40.88727
20.95967
이름
99.64109
0.0616186
14
75.91229
10
3.353768
2
-44.31097
-33.53761
-13.45742
이름
99.82768
0.02945656
14
85.80704
10
9.326556
13
-17.52379
-45.70316
-1.985776
이름
100
0.05414136
12
46.38459
10
8.499166
4
